420914803
420914804
420914805
420914806
420914807
420914808
420914809
420914810
420914811
420914812
420914813
420914814
420914815
420914816
420914817
420914818
420914819
420914820
420914821
420914822
420914823
420914824
420914825
420914826
420914827
420914828
420914830
420914831
420914832
420914833
420914834
420914835
420914836
420914837
420914838
420914839
420914840
420914841
420914842
420914843
420914844
420914845
420914846
420914847
420914848
420914849
420914850
420914851
420914852
420914853
420914854
420914855
420914856
420914857
420914858
420914859
420914860
420914861
420914862
420914863
420914864
420914865
420914866
